Pitch: -5.53599468079498 
Yaw: -2.7162341114423136 
Roll: 0.05278839766091292